+----------------------------------------------------------------------------------------------------------------------------------------------------------------------------------------------------------------------------+
; Legal Partition Candidates                                                                                                                                                                                                 ;
+-----------------------+-------+----------------+--------------+----------------+--------+-----------------+---------------+-----------------+-------+----------------+--------------+------------------+-------------------+
; Hierarchy             ; Input ; Constant Input ; Unused Input ; Floating Input ; Output ; Constant Output ; Unused Output ; Floating Output ; Bidir ; Constant Bidir ; Unused Bidir ; Input only Bidir ; Output only Bidir ;
+-----------------------+-------+----------------+--------------+----------------+--------+-----------------+---------------+-----------------+-------+----------------+--------------+------------------+-------------------+
; clk0                  ; 1     ; 0              ; 0            ; 0              ; 1      ; 0               ; 0             ; 0               ; 0     ; 0              ; 0            ; 0                ; 0                 ;
; comp0                 ; 5     ; 0              ; 0            ; 0              ; 0      ; 0               ; 0             ; 0               ; 8     ; 0              ; 0            ; 0                ; 0                 ;
; arith0                ; 5     ; 0              ; 0            ; 0              ; 0      ; 0               ; 0             ; 0               ; 8     ; 0              ; 0            ; 0                ; 0                 ;
; specreg0|flipflop7    ; 6     ; 0              ; 0            ; 0              ; 0      ; 0               ; 0             ; 0               ; 1     ; 0              ; 0            ; 0                ; 0                 ;
; specreg0|flipflop6    ; 6     ; 0              ; 0            ; 0              ; 0      ; 0               ; 0             ; 0               ; 1     ; 0              ; 0            ; 0                ; 0                 ;
; specreg0|flipflop5    ; 6     ; 0              ; 0            ; 0              ; 0      ; 0               ; 0             ; 0               ; 1     ; 0              ; 0            ; 0                ; 0                 ;
; specreg0|flipflop4    ; 6     ; 0              ; 0            ; 0              ; 0      ; 0               ; 0             ; 0               ; 1     ; 0              ; 0            ; 0                ; 0                 ;
; specreg0|flipflop3    ; 6     ; 0              ; 0            ; 0              ; 0      ; 0               ; 0             ; 0               ; 1     ; 0              ; 0            ; 0                ; 0                 ;
; specreg0|flipflop2    ; 6     ; 0              ; 0            ; 0              ; 0      ; 0               ; 0             ; 0               ; 1     ; 0              ; 0            ; 0                ; 0                 ;
; specreg0|flipflop1    ; 6     ; 0              ; 0            ; 0              ; 0      ; 0               ; 0             ; 0               ; 1     ; 0              ; 0            ; 0                ; 0                 ;
; specreg0|flipflop0    ; 6     ; 0              ; 0            ; 0              ; 0      ; 0               ; 0             ; 0               ; 1     ; 0              ; 0            ; 0                ; 0                 ;
; specreg0              ; 13    ; 1              ; 0            ; 1              ; 0      ; 1               ; 1             ; 1               ; 8     ; 0              ; 0            ; 0                ; 0                 ;
; contr0                ; 7     ; 0              ; 7            ; 0              ; 22     ; 0               ; 0             ; 0               ; 0     ; 0              ; 0            ; 0                ; 0                 ;
; disp0|ff0             ; 6     ; 2              ; 0            ; 2              ; 0      ; 2               ; 2             ; 2               ; 1     ; 0              ; 0            ; 0                ; 0                 ;
; disp0                 ; 13    ; 0              ; 0            ; 0              ; 0      ; 0               ; 0             ; 0               ; 28    ; 0              ; 0            ; 0                ; 28                ;
; bank0|reg15|flipflop7 ; 6     ; 0              ; 0            ; 0              ; 0      ; 0               ; 0             ; 0               ; 1     ; 0              ; 0            ; 0                ; 0                 ;
; bank0|reg15|flipflop6 ; 6     ; 0              ; 0            ; 0              ; 0      ; 0               ; 0             ; 0               ; 1     ; 0              ; 0            ; 0                ; 0                 ;
; bank0|reg15|flipflop5 ; 6     ; 0              ; 0            ; 0              ; 0      ; 0               ; 0             ; 0               ; 1     ; 0              ; 0            ; 0                ; 0                 ;
; bank0|reg15|flipflop4 ; 6     ; 0              ; 0            ; 0              ; 0      ; 0               ; 0             ; 0               ; 1     ; 0              ; 0            ; 0                ; 0                 ;
; bank0|reg15|flipflop3 ; 6     ; 0              ; 0            ; 0              ; 0      ; 0               ; 0             ; 0               ; 1     ; 0              ; 0            ; 0                ; 0                 ;
; bank0|reg15|flipflop2 ; 6     ; 0              ; 0            ; 0              ; 0      ; 0               ; 0             ; 0               ; 1     ; 0              ; 0            ; 0                ; 0                 ;
; bank0|reg15|flipflop1 ; 6     ; 0              ; 0            ; 0              ; 0      ; 0               ; 0             ; 0               ; 1     ; 0              ; 0            ; 0                ; 0                 ;
; bank0|reg15|flipflop0 ; 6     ; 0              ; 0            ; 0              ; 0      ; 0               ; 0             ; 0               ; 1     ; 0              ; 0            ; 0                ; 0                 ;
; bank0|reg15           ; 13    ; 0              ; 0            ; 0              ; 0      ; 0               ; 0             ; 0               ; 8     ; 0              ; 0            ; 0                ; 0                 ;
; bank0|reg14|flipflop7 ; 6     ; 0              ; 0            ; 0              ; 0      ; 0               ; 0             ; 0               ; 1     ; 0              ; 0            ; 0                ; 0                 ;
; bank0|reg14|flipflop6 ; 6     ; 0              ; 0            ; 0              ; 0      ; 0               ; 0             ; 0               ; 1     ; 0              ; 0            ; 0                ; 0                 ;
; bank0|reg14|flipflop5 ; 6     ; 0              ; 0            ; 0              ; 0      ; 0               ; 0             ; 0               ; 1     ; 0              ; 0            ; 0                ; 0                 ;
; bank0|reg14|flipflop4 ; 6     ; 0              ; 0            ; 0              ; 0      ; 0               ; 0             ; 0               ; 1     ; 0              ; 0            ; 0                ; 0                 ;
; bank0|reg14|flipflop3 ; 6     ; 0              ; 0            ; 0              ; 0      ; 0               ; 0             ; 0               ; 1     ; 0              ; 0            ; 0                ; 0                 ;
; bank0|reg14|flipflop2 ; 6     ; 0              ; 0            ; 0              ; 0      ; 0               ; 0             ; 0               ; 1     ; 0              ; 0            ; 0                ; 0                 ;
; bank0|reg14|flipflop1 ; 6     ; 0              ; 0            ; 0              ; 0      ; 0               ; 0             ; 0               ; 1     ; 0              ; 0            ; 0                ; 0                 ;
; bank0|reg14|flipflop0 ; 6     ; 0              ; 0            ; 0              ; 0      ; 0               ; 0             ; 0               ; 1     ; 0              ; 0            ; 0                ; 0                 ;
; bank0|reg14           ; 13    ; 0              ; 0            ; 0              ; 0      ; 0               ; 0             ; 0               ; 8     ; 0              ; 0            ; 0                ; 0                 ;
; bank0|reg13|flipflop7 ; 6     ; 0              ; 0            ; 0              ; 0      ; 0               ; 0             ; 0               ; 1     ; 0              ; 0            ; 0                ; 0                 ;
; bank0|reg13|flipflop6 ; 6     ; 0              ; 0            ; 0              ; 0      ; 0               ; 0             ; 0               ; 1     ; 0              ; 0            ; 0                ; 0                 ;
; bank0|reg13|flipflop5 ; 6     ; 0              ; 0            ; 0              ; 0      ; 0               ; 0             ; 0               ; 1     ; 0              ; 0            ; 0                ; 0                 ;
; bank0|reg13|flipflop4 ; 6     ; 0              ; 0            ; 0              ; 0      ; 0               ; 0             ; 0               ; 1     ; 0              ; 0            ; 0                ; 0                 ;
; bank0|reg13|flipflop3 ; 6     ; 0              ; 0            ; 0              ; 0      ; 0               ; 0             ; 0               ; 1     ; 0              ; 0            ; 0                ; 0                 ;
; bank0|reg13|flipflop2 ; 6     ; 0              ; 0            ; 0              ; 0      ; 0               ; 0             ; 0               ; 1     ; 0              ; 0            ; 0                ; 0                 ;
; bank0|reg13|flipflop1 ; 6     ; 0              ; 0            ; 0              ; 0      ; 0               ; 0             ; 0               ; 1     ; 0              ; 0            ; 0                ; 0                 ;
; bank0|reg13|flipflop0 ; 6     ; 0              ; 0            ; 0              ; 0      ; 0               ; 0             ; 0               ; 1     ; 0              ; 0            ; 0                ; 0                 ;
; bank0|reg13           ; 13    ; 0              ; 0            ; 0              ; 0      ; 0               ; 0             ; 0               ; 8     ; 0              ; 0            ; 0                ; 0                 ;
; bank0|reg12|flipflop7 ; 6     ; 0              ; 0            ; 0              ; 0      ; 0               ; 0             ; 0               ; 1     ; 0              ; 0            ; 0                ; 0                 ;
; bank0|reg12|flipflop6 ; 6     ; 0              ; 0            ; 0              ; 0      ; 0               ; 0             ; 0               ; 1     ; 0              ; 0            ; 0                ; 0                 ;
; bank0|reg12|flipflop5 ; 6     ; 0              ; 0            ; 0              ; 0      ; 0               ; 0             ; 0               ; 1     ; 0              ; 0            ; 0                ; 0                 ;
; bank0|reg12|flipflop4 ; 6     ; 0              ; 0            ; 0              ; 0      ; 0               ; 0             ; 0               ; 1     ; 0              ; 0            ; 0                ; 0                 ;
; bank0|reg12|flipflop3 ; 6     ; 0              ; 0            ; 0              ; 0      ; 0               ; 0             ; 0               ; 1     ; 0              ; 0            ; 0                ; 0                 ;
; bank0|reg12|flipflop2 ; 6     ; 0              ; 0            ; 0              ; 0      ; 0               ; 0             ; 0               ; 1     ; 0              ; 0            ; 0                ; 0                 ;
; bank0|reg12|flipflop1 ; 6     ; 0              ; 0            ; 0              ; 0      ; 0               ; 0             ; 0               ; 1     ; 0              ; 0            ; 0                ; 0                 ;
; bank0|reg12|flipflop0 ; 6     ; 0              ; 0            ; 0              ; 0      ; 0               ; 0             ; 0               ; 1     ; 0              ; 0            ; 0                ; 0                 ;
; bank0|reg12           ; 13    ; 0              ; 0            ; 0              ; 0      ; 0               ; 0             ; 0               ; 8     ; 0              ; 0            ; 0                ; 0                 ;
; bank0|reg11|flipflop7 ; 6     ; 0              ; 0            ; 0              ; 0      ; 0               ; 0             ; 0               ; 1     ; 0              ; 0            ; 0                ; 0                 ;
; bank0|reg11|flipflop6 ; 6     ; 0              ; 0            ; 0              ; 0      ; 0               ; 0             ; 0               ; 1     ; 0              ; 0            ; 0                ; 0                 ;
; bank0|reg11|flipflop5 ; 6     ; 0              ; 0            ; 0              ; 0      ; 0               ; 0             ; 0               ; 1     ; 0              ; 0            ; 0                ; 0                 ;
; bank0|reg11|flipflop4 ; 6     ; 0              ; 0            ; 0              ; 0      ; 0               ; 0             ; 0               ; 1     ; 0              ; 0            ; 0                ; 0                 ;
; bank0|reg11|flipflop3 ; 6     ; 0              ; 0            ; 0              ; 0      ; 0               ; 0             ; 0               ; 1     ; 0              ; 0            ; 0                ; 0                 ;
; bank0|reg11|flipflop2 ; 6     ; 0              ; 0            ; 0              ; 0      ; 0               ; 0             ; 0               ; 1     ; 0              ; 0            ; 0                ; 0                 ;
; bank0|reg11|flipflop1 ; 6     ; 0              ; 0            ; 0              ; 0      ; 0               ; 0             ; 0               ; 1     ; 0              ; 0            ; 0                ; 0                 ;
; bank0|reg11|flipflop0 ; 6     ; 0              ; 0            ; 0              ; 0      ; 0               ; 0             ; 0               ; 1     ; 0              ; 0            ; 0                ; 0                 ;
; bank0|reg11           ; 13    ; 0              ; 0            ; 0              ; 0      ; 0               ; 0             ; 0               ; 8     ; 0              ; 0            ; 0                ; 0                 ;
; bank0|reg10|flipflop7 ; 6     ; 0              ; 0            ; 0              ; 0      ; 0               ; 0             ; 0               ; 1     ; 0              ; 0            ; 0                ; 0                 ;
; bank0|reg10|flipflop6 ; 6     ; 0              ; 0            ; 0              ; 0      ; 0               ; 0             ; 0               ; 1     ; 0              ; 0            ; 0                ; 0                 ;
; bank0|reg10|flipflop5 ; 6     ; 0              ; 0            ; 0              ; 0      ; 0               ; 0             ; 0               ; 1     ; 0              ; 0            ; 0                ; 0                 ;
; bank0|reg10|flipflop4 ; 6     ; 0              ; 0            ; 0              ; 0      ; 0               ; 0             ; 0               ; 1     ; 0              ; 0            ; 0                ; 0                 ;
; bank0|reg10|flipflop3 ; 6     ; 0              ; 0            ; 0              ; 0      ; 0               ; 0             ; 0               ; 1     ; 0              ; 0            ; 0                ; 0                 ;
; bank0|reg10|flipflop2 ; 6     ; 0              ; 0            ; 0              ; 0      ; 0               ; 0             ; 0               ; 1     ; 0              ; 0            ; 0                ; 0                 ;
; bank0|reg10|flipflop1 ; 6     ; 0              ; 0            ; 0              ; 0      ; 0               ; 0             ; 0               ; 1     ; 0              ; 0            ; 0                ; 0                 ;
; bank0|reg10|flipflop0 ; 6     ; 0              ; 0            ; 0              ; 0      ; 0               ; 0             ; 0               ; 1     ; 0              ; 0            ; 0                ; 0                 ;
; bank0|reg10           ; 13    ; 0              ; 0            ; 0              ; 0      ; 0               ; 0             ; 0               ; 8     ; 0              ; 0            ; 0                ; 0                 ;
; bank0|reg9|flipflop7  ; 6     ; 0              ; 0            ; 0              ; 0      ; 0               ; 0             ; 0               ; 1     ; 0              ; 0            ; 0                ; 0                 ;
; bank0|reg9|flipflop6  ; 6     ; 0              ; 0            ; 0              ; 0      ; 0               ; 0             ; 0               ; 1     ; 0              ; 0            ; 0                ; 0                 ;
; bank0|reg9|flipflop5  ; 6     ; 0              ; 0            ; 0              ; 0      ; 0               ; 0             ; 0               ; 1     ; 0              ; 0            ; 0                ; 0                 ;
; bank0|reg9|flipflop4  ; 6     ; 0              ; 0            ; 0              ; 0      ; 0               ; 0             ; 0               ; 1     ; 0              ; 0            ; 0                ; 0                 ;
; bank0|reg9|flipflop3  ; 6     ; 0              ; 0            ; 0              ; 0      ; 0               ; 0             ; 0               ; 1     ; 0              ; 0            ; 0                ; 0                 ;
; bank0|reg9|flipflop2  ; 6     ; 0              ; 0            ; 0              ; 0      ; 0               ; 0             ; 0               ; 1     ; 0              ; 0            ; 0                ; 0                 ;
; bank0|reg9|flipflop1  ; 6     ; 0              ; 0            ; 0              ; 0      ; 0               ; 0             ; 0               ; 1     ; 0              ; 0            ; 0                ; 0                 ;
; bank0|reg9|flipflop0  ; 6     ; 0              ; 0            ; 0              ; 0      ; 0               ; 0             ; 0               ; 1     ; 0              ; 0            ; 0                ; 0                 ;
; bank0|reg9            ; 13    ; 0              ; 0            ; 0              ; 0      ; 0               ; 0             ; 0               ; 8     ; 0              ; 0            ; 0                ; 0                 ;
; bank0|reg8|flipflop7  ; 6     ; 0              ; 0            ; 0              ; 0      ; 0               ; 0             ; 0               ; 1     ; 0              ; 0            ; 0                ; 0                 ;
; bank0|reg8|flipflop6  ; 6     ; 0              ; 0            ; 0              ; 0      ; 0               ; 0             ; 0               ; 1     ; 0              ; 0            ; 0                ; 0                 ;
; bank0|reg8|flipflop5  ; 6     ; 0              ; 0            ; 0              ; 0      ; 0               ; 0             ; 0               ; 1     ; 0              ; 0            ; 0                ; 0                 ;
; bank0|reg8|flipflop4  ; 6     ; 0              ; 0            ; 0              ; 0      ; 0               ; 0             ; 0               ; 1     ; 0              ; 0            ; 0                ; 0                 ;
; bank0|reg8|flipflop3  ; 6     ; 0              ; 0            ; 0              ; 0      ; 0               ; 0             ; 0               ; 1     ; 0              ; 0            ; 0                ; 0                 ;
; bank0|reg8|flipflop2  ; 6     ; 0              ; 0            ; 0              ; 0      ; 0               ; 0             ; 0               ; 1     ; 0              ; 0            ; 0                ; 0                 ;
; bank0|reg8|flipflop1  ; 6     ; 0              ; 0            ; 0              ; 0      ; 0               ; 0             ; 0               ; 1     ; 0              ; 0            ; 0                ; 0                 ;
; bank0|reg8|flipflop0  ; 6     ; 0              ; 0            ; 0              ; 0      ; 0               ; 0             ; 0               ; 1     ; 0              ; 0            ; 0                ; 0                 ;
; bank0|reg8            ; 13    ; 0              ; 0            ; 0              ; 0      ; 0               ; 0             ; 0               ; 8     ; 0              ; 0            ; 0                ; 0                 ;
; bank0|reg7|flipflop7  ; 6     ; 0              ; 0            ; 0              ; 0      ; 0               ; 0             ; 0               ; 1     ; 0              ; 0            ; 0                ; 0                 ;
; bank0|reg7|flipflop6  ; 6     ; 0              ; 0            ; 0              ; 0      ; 0               ; 0             ; 0               ; 1     ; 0              ; 0            ; 0                ; 0                 ;
; bank0|reg7|flipflop5  ; 6     ; 0              ; 0            ; 0              ; 0      ; 0               ; 0             ; 0               ; 1     ; 0              ; 0            ; 0                ; 0                 ;
; bank0|reg7|flipflop4  ; 6     ; 0              ; 0            ; 0              ; 0      ; 0               ; 0             ; 0               ; 1     ; 0              ; 0            ; 0                ; 0                 ;
; bank0|reg7|flipflop3  ; 6     ; 0              ; 0            ; 0              ; 0      ; 0               ; 0             ; 0               ; 1     ; 0              ; 0            ; 0                ; 0                 ;
; bank0|reg7|flipflop2  ; 6     ; 0              ; 0            ; 0              ; 0      ; 0               ; 0             ; 0               ; 1     ; 0              ; 0            ; 0                ; 0                 ;
; bank0|reg7|flipflop1  ; 6     ; 0              ; 0            ; 0              ; 0      ; 0               ; 0             ; 0               ; 1     ; 0              ; 0            ; 0                ; 0                 ;
; bank0|reg7|flipflop0  ; 6     ; 0              ; 0            ; 0              ; 0      ; 0               ; 0             ; 0               ; 1     ; 0              ; 0            ; 0                ; 0                 ;
; bank0|reg7            ; 13    ; 0              ; 0            ; 0              ; 0      ; 0               ; 0             ; 0               ; 8     ; 0              ; 0            ; 0                ; 0                 ;
; bank0|reg6|flipflop7  ; 6     ; 0              ; 0            ; 0              ; 0      ; 0               ; 0             ; 0               ; 1     ; 0              ; 0            ; 0                ; 0                 ;
; bank0|reg6|flipflop6  ; 6     ; 0              ; 0            ; 0              ; 0      ; 0               ; 0             ; 0               ; 1     ; 0              ; 0            ; 0                ; 0                 ;
; bank0|reg6|flipflop5  ; 6     ; 0              ; 0            ; 0              ; 0      ; 0               ; 0             ; 0               ; 1     ; 0              ; 0            ; 0                ; 0                 ;
; bank0|reg6|flipflop4  ; 6     ; 0              ; 0            ; 0              ; 0      ; 0               ; 0             ; 0               ; 1     ; 0              ; 0            ; 0                ; 0                 ;
; bank0|reg6|flipflop3  ; 6     ; 0              ; 0            ; 0              ; 0      ; 0               ; 0             ; 0               ; 1     ; 0              ; 0            ; 0                ; 0                 ;
; bank0|reg6|flipflop2  ; 6     ; 0              ; 0            ; 0              ; 0      ; 0               ; 0             ; 0               ; 1     ; 0              ; 0            ; 0                ; 0                 ;
; bank0|reg6|flipflop1  ; 6     ; 0              ; 0            ; 0              ; 0      ; 0               ; 0             ; 0               ; 1     ; 0              ; 0            ; 0                ; 0                 ;
; bank0|reg6|flipflop0  ; 6     ; 0              ; 0            ; 0              ; 0      ; 0               ; 0             ; 0               ; 1     ; 0              ; 0            ; 0                ; 0                 ;
; bank0|reg6            ; 13    ; 0              ; 0            ; 0              ; 0      ; 0               ; 0             ; 0               ; 8     ; 0              ; 0            ; 0                ; 0                 ;
; bank0|reg5|flipflop7  ; 6     ; 0              ; 0            ; 0              ; 0      ; 0               ; 0             ; 0               ; 1     ; 0              ; 0            ; 0                ; 0                 ;
; bank0|reg5|flipflop6  ; 6     ; 0              ; 0            ; 0              ; 0      ; 0               ; 0             ; 0               ; 1     ; 0              ; 0            ; 0                ; 0                 ;
; bank0|reg5|flipflop5  ; 6     ; 0              ; 0            ; 0              ; 0      ; 0               ; 0             ; 0               ; 1     ; 0              ; 0            ; 0                ; 0                 ;
; bank0|reg5|flipflop4  ; 6     ; 0              ; 0            ; 0              ; 0      ; 0               ; 0             ; 0               ; 1     ; 0              ; 0            ; 0                ; 0                 ;
; bank0|reg5|flipflop3  ; 6     ; 0              ; 0            ; 0              ; 0      ; 0               ; 0             ; 0               ; 1     ; 0              ; 0            ; 0                ; 0                 ;
; bank0|reg5|flipflop2  ; 6     ; 0              ; 0            ; 0              ; 0      ; 0               ; 0             ; 0               ; 1     ; 0              ; 0            ; 0                ; 0                 ;
; bank0|reg5|flipflop1  ; 6     ; 0              ; 0            ; 0              ; 0      ; 0               ; 0             ; 0               ; 1     ; 0              ; 0            ; 0                ; 0                 ;
; bank0|reg5|flipflop0  ; 6     ; 0              ; 0            ; 0              ; 0      ; 0               ; 0             ; 0               ; 1     ; 0              ; 0            ; 0                ; 0                 ;
; bank0|reg5            ; 13    ; 0              ; 0            ; 0              ; 0      ; 0               ; 0             ; 0               ; 8     ; 0              ; 0            ; 0                ; 0                 ;
; bank0|reg4|flipflop7  ; 6     ; 0              ; 0            ; 0              ; 0      ; 0               ; 0             ; 0               ; 1     ; 0              ; 0            ; 0                ; 0                 ;
; bank0|reg4|flipflop6  ; 6     ; 0              ; 0            ; 0              ; 0      ; 0               ; 0             ; 0               ; 1     ; 0              ; 0            ; 0                ; 0                 ;
; bank0|reg4|flipflop5  ; 6     ; 0              ; 0            ; 0              ; 0      ; 0               ; 0             ; 0               ; 1     ; 0              ; 0            ; 0                ; 0                 ;
; bank0|reg4|flipflop4  ; 6     ; 0              ; 0            ; 0              ; 0      ; 0               ; 0             ; 0               ; 1     ; 0              ; 0            ; 0                ; 0                 ;
; bank0|reg4|flipflop3  ; 6     ; 0              ; 0            ; 0              ; 0      ; 0               ; 0             ; 0               ; 1     ; 0              ; 0            ; 0                ; 0                 ;
; bank0|reg4|flipflop2  ; 6     ; 0              ; 0            ; 0              ; 0      ; 0               ; 0             ; 0               ; 1     ; 0              ; 0            ; 0                ; 0                 ;
; bank0|reg4|flipflop1  ; 6     ; 0              ; 0            ; 0              ; 0      ; 0               ; 0             ; 0               ; 1     ; 0              ; 0            ; 0                ; 0                 ;
; bank0|reg4|flipflop0  ; 6     ; 0              ; 0            ; 0              ; 0      ; 0               ; 0             ; 0               ; 1     ; 0              ; 0            ; 0                ; 0                 ;
; bank0|reg4            ; 13    ; 0              ; 0            ; 0              ; 0      ; 0               ; 0             ; 0               ; 8     ; 0              ; 0            ; 0                ; 0                 ;
; bank0|reg3|flipflop7  ; 6     ; 0              ; 0            ; 0              ; 0      ; 0               ; 0             ; 0               ; 1     ; 0              ; 0            ; 0                ; 0                 ;
; bank0|reg3|flipflop6  ; 6     ; 0              ; 0            ; 0              ; 0      ; 0               ; 0             ; 0               ; 1     ; 0              ; 0            ; 0                ; 0                 ;
; bank0|reg3|flipflop5  ; 6     ; 0              ; 0            ; 0              ; 0      ; 0               ; 0             ; 0               ; 1     ; 0              ; 0            ; 0                ; 0                 ;
; bank0|reg3|flipflop4  ; 6     ; 0              ; 0            ; 0              ; 0      ; 0               ; 0             ; 0               ; 1     ; 0              ; 0            ; 0                ; 0                 ;
; bank0|reg3|flipflop3  ; 6     ; 0              ; 0            ; 0              ; 0      ; 0               ; 0             ; 0               ; 1     ; 0              ; 0            ; 0                ; 0                 ;
; bank0|reg3|flipflop2  ; 6     ; 0              ; 0            ; 0              ; 0      ; 0               ; 0             ; 0               ; 1     ; 0              ; 0            ; 0                ; 0                 ;
; bank0|reg3|flipflop1  ; 6     ; 0              ; 0            ; 0              ; 0      ; 0               ; 0             ; 0               ; 1     ; 0              ; 0            ; 0                ; 0                 ;
; bank0|reg3|flipflop0  ; 6     ; 0              ; 0            ; 0              ; 0      ; 0               ; 0             ; 0               ; 1     ; 0              ; 0            ; 0                ; 0                 ;
; bank0|reg3            ; 13    ; 0              ; 0            ; 0              ; 0      ; 0               ; 0             ; 0               ; 8     ; 0              ; 0            ; 0                ; 0                 ;
; bank0|reg2|flipflop7  ; 6     ; 0              ; 0            ; 0              ; 0      ; 0               ; 0             ; 0               ; 1     ; 0              ; 0            ; 0                ; 0                 ;
; bank0|reg2|flipflop6  ; 6     ; 0              ; 0            ; 0              ; 0      ; 0               ; 0             ; 0               ; 1     ; 0              ; 0            ; 0                ; 0                 ;
; bank0|reg2|flipflop5  ; 6     ; 0              ; 0            ; 0              ; 0      ; 0               ; 0             ; 0               ; 1     ; 0              ; 0            ; 0                ; 0                 ;
; bank0|reg2|flipflop4  ; 6     ; 0              ; 0            ; 0              ; 0      ; 0               ; 0             ; 0               ; 1     ; 0              ; 0            ; 0                ; 0                 ;
; bank0|reg2|flipflop3  ; 6     ; 0              ; 0            ; 0              ; 0      ; 0               ; 0             ; 0               ; 1     ; 0              ; 0            ; 0                ; 0                 ;
; bank0|reg2|flipflop2  ; 6     ; 0              ; 0            ; 0              ; 0      ; 0               ; 0             ; 0               ; 1     ; 0              ; 0            ; 0                ; 0                 ;
; bank0|reg2|flipflop1  ; 6     ; 0              ; 0            ; 0              ; 0      ; 0               ; 0             ; 0               ; 1     ; 0              ; 0            ; 0                ; 0                 ;
; bank0|reg2|flipflop0  ; 6     ; 0              ; 0            ; 0              ; 0      ; 0               ; 0             ; 0               ; 1     ; 0              ; 0            ; 0                ; 0                 ;
; bank0|reg2            ; 13    ; 0              ; 0            ; 0              ; 0      ; 0               ; 0             ; 0               ; 8     ; 0              ; 0            ; 0                ; 0                 ;
; bank0|reg1|flipflop7  ; 6     ; 0              ; 0            ; 0              ; 0      ; 0               ; 0             ; 0               ; 1     ; 0              ; 0            ; 0                ; 0                 ;
; bank0|reg1|flipflop6  ; 6     ; 0              ; 0            ; 0              ; 0      ; 0               ; 0             ; 0               ; 1     ; 0              ; 0            ; 0                ; 0                 ;
; bank0|reg1|flipflop5  ; 6     ; 0              ; 0            ; 0              ; 0      ; 0               ; 0             ; 0               ; 1     ; 0              ; 0            ; 0                ; 0                 ;
; bank0|reg1|flipflop4  ; 6     ; 0              ; 0            ; 0              ; 0      ; 0               ; 0             ; 0               ; 1     ; 0              ; 0            ; 0                ; 0                 ;
; bank0|reg1|flipflop3  ; 6     ; 0              ; 0            ; 0              ; 0      ; 0               ; 0             ; 0               ; 1     ; 0              ; 0            ; 0                ; 0                 ;
; bank0|reg1|flipflop2  ; 6     ; 0              ; 0            ; 0              ; 0      ; 0               ; 0             ; 0               ; 1     ; 0              ; 0            ; 0                ; 0                 ;
; bank0|reg1|flipflop1  ; 6     ; 0              ; 0            ; 0              ; 0      ; 0               ; 0             ; 0               ; 1     ; 0              ; 0            ; 0                ; 0                 ;
; bank0|reg1|flipflop0  ; 6     ; 0              ; 0            ; 0              ; 0      ; 0               ; 0             ; 0               ; 1     ; 0              ; 0            ; 0                ; 0                 ;
; bank0|reg1            ; 13    ; 0              ; 0            ; 0              ; 0      ; 0               ; 0             ; 0               ; 8     ; 0              ; 0            ; 0                ; 0                 ;
; bank0|reg0|flipflop7  ; 6     ; 0              ; 0            ; 0              ; 0      ; 0               ; 0             ; 0               ; 1     ; 0              ; 0            ; 0                ; 0                 ;
; bank0|reg0|flipflop6  ; 6     ; 0              ; 0            ; 0              ; 0      ; 0               ; 0             ; 0               ; 1     ; 0              ; 0            ; 0                ; 0                 ;
; bank0|reg0|flipflop5  ; 6     ; 0              ; 0            ; 0              ; 0      ; 0               ; 0             ; 0               ; 1     ; 0              ; 0            ; 0                ; 0                 ;
; bank0|reg0|flipflop4  ; 6     ; 0              ; 0            ; 0              ; 0      ; 0               ; 0             ; 0               ; 1     ; 0              ; 0            ; 0                ; 0                 ;
; bank0|reg0|flipflop3  ; 6     ; 0              ; 0            ; 0              ; 0      ; 0               ; 0             ; 0               ; 1     ; 0              ; 0            ; 0                ; 0                 ;
; bank0|reg0|flipflop2  ; 6     ; 0              ; 0            ; 0              ; 0      ; 0               ; 0             ; 0               ; 1     ; 0              ; 0            ; 0                ; 0                 ;
; bank0|reg0|flipflop1  ; 6     ; 0              ; 0            ; 0              ; 0      ; 0               ; 0             ; 0               ; 1     ; 0              ; 0            ; 0                ; 0                 ;
; bank0|reg0|flipflop0  ; 6     ; 0              ; 0            ; 0              ; 0      ; 0               ; 0             ; 0               ; 1     ; 0              ; 0            ; 0                ; 0                 ;
; bank0|reg0            ; 13    ; 0              ; 0            ; 0              ; 0      ; 0               ; 0             ; 0               ; 8     ; 0              ; 0            ; 0                ; 0                 ;
; bank0                 ; 15    ; 0              ; 0            ; 0              ; 0      ; 0               ; 0             ; 0               ; 16    ; 0              ; 0            ; 0                ; 0                 ;
; instr0                ; 11    ; 3              ; 2            ; 3              ; 43     ; 3               ; 3             ; 3               ; 24    ; 0              ; 7            ; 0                ; 7                 ;
+-----------------------+-------+----------------+--------------+----------------+--------+-----------------+---------------+-----------------+-------+----------------+--------------+------------------+-------------------+
